[?25l[0m [38;2;0;0;0m                                       [0m
 [38;2;0;0;0m                                       [0m
 [38;2;0;0;0m                    [0m [38;2;0;1;5m                  [0m
 [38;2;0;0;0m               [38;2;0;2;9m▁[38;2;0;1;6m▃[38;2;1;1;3m▕[38;2;116;116;115;48;2;3;4;7m▂[38;2;70;69;67;48;2;11;10;7m▃[38;2;36;28;11;48;2;0;0;4m▅[0m[38;2;1;0;4m▃                 [0m
 [38;2;0;0;0m            [38;2;0;1;4m▄[38;2;139;137;141;48;2;5;6;9m▁[38;2;161;163;165;48;2;10;11;14m▃[38;2;133;135;138;48;2;17;17;19m▅[38;2;80;58;1;48;2;28;21;3m▗[38;2;15;10;3;48;2;77;56;3m▔[38;2;62;54;38;48;2;138;138;138m▋[38;2;52;49;43;48;2;151;151;151m▗[38;2;72;55;23;48;2;34;24;9m▝[38;2;25;19;9;48;2;1;1;2m▏[0m[38;2;16;19;23m▖     [38;2;0;1;4m▂[0m [38;2;0;0;2m▅[48;2;0;0;0m [38;2;0;0;1m▕[0m[38;2;0;0;2m▗[38;2;0;0;3m▃[38;2;0;0;5m▁   [0m
 [38;2;0;0;0m         [38;2;0;2;6m▂[38;2;19;19;19m▁[38;2;97;97;98;48;2;1;2;4m▂[38;2;72;54;1;48;2;18;13;5m▗[38;2;124;123;126;48;2;62;46;3m▔[38;2;70;52;11;48;2;168;168;171m▆[38;2;123;125;128;48;2;63;45;6m▘[38;2;64;45;0;48;2;89;63;3m▁[38;2;164;165;163;48;2;79;62;27m▗[38;2;60;50;35;48;2;125;126;126m▄[38;2;61;47;28;48;2;43;30;10m▔[38;2;37;26;7;48;2;31;25;2m▏[38;2;62;62;62;48;2;17;15;7m▁[38;2;129;128;131;48;2;20;20;21m▄[38;2;0;0;1;48;2;0;1;8m▞[0m[38;2;0;0;1m  [38;2;0;0;5m▁[38;2;0;0;0;48;2;0;0;2m▁[38;2;1;0;2;48;2;0;0;0m▔ [38;2;1;0;0;48;2;10;7;1m▊[38;2;25;18;2;48;2;1;1;0m▆[38;2;37;24;1;48;2;3;2;0m▆[38;2;53;41;16;48;2;21;16;3m▁[38;2;26;22;4;48;2;4;3;1m▖[38;2;3;3;1;48;2;0;0;0m▁[38;2;1;0;3;48;2;0;0;3m▗[0m [38;2;0;1;4m [0m
 [38;2;0;0;0m        [0m [38;2;3;1;2;48;2;8;6;6m▗[38;2;88;88;88;48;2;40;30;12m▝[38;2;5;4;5;48;2;141;141;143m▁[38;2;40;34;13;48;2;95;95;97m▝[38;2;78;77;78;48;2;53;42;9m▄[38;2;84;82;75;48;2;78;68;44m▖[38;2;87;80;62;48;2;85;76;56m▕[38;2;49;39;17;48;2;125;123;117m▃[38;2;134;135;135;48;2;48;36;14m▘[38;2;63;46;18;48;2;28;20;2m▘[38;2;18;15;3;48;2;38;30;3m▗[38;2;47;44;36;48;2;110;110;112m▊[38;2;150;151;153;48;2;65;65;67m▞[38;2;137;137;139;48;2;40;40;39m▝[38;2;69;68;65;48;2;3;3;2m▏[38;2;1;0;0;48;2;0;0;3m▁[0m[7m[38;2;0;1;4m▘[0m[38;2;0;0;2;48;2;0;0;0m▔[38;2;19;16;5m▁[38;2;0;0;0;48;2;50;50;50m▊[38;2;16;16;16;48;2;100;100;101m▔[38;2;59;59;59;48;2;93;94;93m▔[38;2;71;71;71;48;2;1;1;1m▍[38;2;3;2;1;48;2;28;22;2m▅[38;2;48;36;10;48;2;23;19;2m▝[38;2;2;1;1;48;2;17;14;2m▆[38;2;6;5;2;48;2;0;0;0m▘[48;2;0;0;1m [0m[7m[38;2;0;0;2m▕[0m[38;2;0;0;0m [0m
 [38;2;0;0;0m         [38;2;1;1;8m▝[38;2;0;1;4;48;2;14;11;6m▎[38;2;5;4;2;48;2;67;53;11m▅[38;2;30;20;4;48;2;73;58;14m▆[38;2;90;74;17;48;2;36;26;4m▔[38;2;108;83;28;48;2;35;23;2m▔[38;2;80;59;17;48;2;32;24;2m▔[38;2;39;31;3;48;2;17;10;1m▆[38;2;50;39;2;48;2;27;21;1m▆[38;2;38;27;3;48;2;49;35;2m▕[38;2;31;26;16;48;2;117;119;125m▍[38;2;109;110;113;48;2;56;56;57m▞[38;2;21;19;9;48;2;115;115;117m▆[38;2;11;9;1;48;2;29;26;3m▂[38;2;44;44;45;48;2;10;8;3m▁[38;2;139;139;140;48;2;22;19;17m▂[38;2;123;123;124;48;2;19;19;19m▖[38;2;43;30;4;48;2;8;6;2m▗[38;2;36;29;6;48;2;47;33;2m▔[38;2;45;31;4;48;2;10;7;3m▅[38;2;12;10;8;48;2;89;89;90m▆[38;2;1;0;1;48;2;83;83;83m▅[38;2;21;21;21;48;2;0;0;0m▔  [38;2;0;0;3m▃[0m [38;2;0;0;2m   [0m
 [38;2;0;0;0m          [0m [38;2;1;0;1;48;2;3;4;7m▘[38;2;137;138;141;48;2;26;25;27m▆[38;2;111;112;113;48;2;50;52;54m▄[38;2;21;22;22;48;2;125;126;128m▔[38;2;157;157;159;48;2;51;52;53m▞[38;2;170;170;177;48;2;64;64;67m▞[38;2;117;117;126;48;2;33;31;25m▌[38;2;28;21;2;48;2;53;39;5m▖[38;2;33;28;15;48;2;48;36;4m▔[38;2;70;70;70;48;2;36;30;9m▔[38;2;42;35;6;48;2;10;8;2m▘[38;2;12;11;12;48;2;136;136;137m▊[38;2;121;122;124;48;2;194;194;197m▔[38;2;184;184;185;48;2;166;166;168m▄[38;2;143;143;144;48;2;29;27;24m▘[38;2;35;23;3;48;2;50;33;3m▔[38;2;71;50;8;48;2;52;32;1m▗[38;2;40;27;2;48;2;53;36;1m▗[38;2;10;8;2;48;2;37;26;4m▂[38;2;11;7;3;48;2;0;0;0m▏  [38;2;1;0;0m▕[38;2;0;0;0;48;2;0;0;3m▄[0m[38;2;1;0;3m▖   [0m
 [38;2;0;0;0m           [0m [38;2;11;12;13;48;2;1;1;8m▞[38;2;75;76;75;48;2;7;6;3m▔[38;2;27;28;28;48;2;26;21;4m▔[38;2;30;25;3;48;2;6;5;1m▆[38;2;2;2;0;48;2;32;25;3m▂[38;2;15;11;2;48;2;39;31;4m▃[38;2;22;16;3;48;2;47;36;3m▄[38;2;25;17;4;48;2;53;42;3m▆[38;2;27;20;5;48;2;15;10;3m▖[38;2;23;15;5;48;2;0;0;0m▘[38;2;46;47;47;48;2;201;201;203m▍[38;2;211;211;213;48;2;204;204;206m▃[38;2;28;29;29;48;2;178;178;179m▗[38;2;5;3;1;48;2;63;43;5m▘[38;2;78;54;2;48;2;59;38;1m▆[38;2;72;50;1;48;2;51;34;0m▄[38;2;43;28;3;48;2;8;5;1m▍[38;2;0;0;1;48;2;0;0;0m▗[38;2;18;13;4;48;2;1;0;0m▁[38;2;14;10;1;48;2;1;1;0m▁[38;2;1;0;0;48;2;0;0;0m▁[38;2;14;8;2;48;2;71;46;10m▊[38;2;72;49;10;48;2;3;2;1m▍[38;2;0;0;0;48;2;0;1;6m▊[0m [38;2;0;0;1m  [0m
 [38;2;0;0;0m          [0m [38;2;0;0;0m▁[48;2;0;1;5m▁[38;2;30;30;30;48;2;4;3;1m▁[38;2;150;150;151;48;2;23;20;11m▂[38;2;160;160;161;48;2;23;23;23m▖[38;2;64;59;39;48;2;16;14;6m▕[38;2;93;85;68;48;2;35;29;12m▖[38;2;29;23;10;48;2;6;5;2m▏[38;2;148;148;149;48;2;8;8;8m▁[38;2;208;207;210;48;2;17;17;17m▃[38;2;220;220;222;48;2;47;47;47m▅[38;2;204;204;205;48;2;221;221;223m▔[38;2;94;95;94;48;2;216;216;218m▗[38;2;90;89;90;48;2;40;32;13m▏[38;2;80;57;4;48;2;94;65;1m▏[38;2;83;57;0;48;2;94;63;0m▗[38;2;85;58;1;48;2;80;55;0m▘[38;2;74;52;1;48;2;27;18;2m▆[38;2;70;50;3;48;2;4;2;1m▄[38;2;32;21;5;48;2;63;42;1m▘[38;2;17;11;4;48;2;55;38;2m▝[38;2;59;39;2;48;2;17;12;2m▃[38;2;78;55;7;48;2;47;29;1m▕[38;2;93;67;11;48;2;2;0;0m▋[48;2;0;0;0m [0m [38;2;0;0;4m  [0m
 [38;2;0;0;0m         [7m[38;2;0;1;4m▏[0m[38;2;0;1;6;48;2;0;0;0m▔[38;2;139;139;140;48;2;14;14;14m▃[38;2;164;164;165;48;2;30;30;30m▅[38;2;107;107;107;48;2;174;174;176m▔[38;2;198;198;198;48;2;179;179;181m▄[38;2;176;176;177;48;2;196;197;198m▔[38;2;176;178;181;48;2;39;39;39m▄[38;2;159;159;163;48;2;6;6;6m▅[38;2;8;7;11;48;2;170;169;173m▁[38;2;2;1;2;48;2;209;209;211m▁[38;2;139;140;144;48;2;218;219;221m▂[38;2;202;202;206;48;2;213;214;217m▗[38;2;136;136;137;48;2;201;201;203m▝[38;2;78;78;80;48;2;41;32;11m▎[38;2;78;56;4;48;2;93;66;1m▏[38;2;97;68;0;48;2;92;63;0m▖[38;2;89;60;0;48;2;84;55;0m▌[38;2;88;59;6;48;2;80;53;1m▗[38;2;83;58;2;48;2;73;50;0m▍[38;2;66;45;0;48;2;76;53;0m▂[38;2;67;44;0;48;2;76;51;0m▝[38;2;68;46;2;48;2;71;48;3m▕[38;2;70;49;4;48;2;65;43;0m▔[38;2;93;66;6;48;2;64;42;1m▕[38;2;93;66;10;48;2;10;6;3m▌[38;2;0;1;4;48;2;0;0;0m▕[0m [38;2;0;0;4m  [0m
 [38;2;0;0;0m        [0m [38;2;0;0;3;48;2;0;0;0m▏[38;2;149;149;151;48;2;47;47;48m▗[38;2;154;154;156;48;2;163;163;165m▋[38;2;134;135;138;48;2;169;170;172m▁[38;2;125;125;125;48;2;178;178;179m▁[38;2;201;201;201;48;2;194;194;194m▗[38;2;41;40;41;48;2;167;167;169m▝[38;2;24;24;26;48;2;44;31;5m▔[38;2;2;1;0;48;2;95;64;2m▔[38;2;18;11;0;48;2;107;72;1m▔[38;2;41;28;1;48;2;111;75;1m▔[38;2;76;74;79;48;2;73;50;10m▔[38;2;40;38;41;48;2;189;190;196m▖[38;2;198;199;203;48;2;196;197;201m▖[38;2;113;112;114;48;2;179;179;183m▔[38;2;129;129;132;48;2;53;38;6m▖[38;2;67;47;4;48;2;94;65;1m▁[38;2;81;54;0;48;2;89;61;2m▝[38;2;10;7;1;48;2;69;47;3m▗[38;2;3;2;1;48;2;58;41;4m▆[38;2;2;1;1;48;2;57;40;3m▆[38;2;3;1;0;48;2;69;48;4m▅[38;2;1;0;0;48;2;72;50;3m▄[38;2;2;0;1;48;2;69;48;4m▄[38;2;2;1;1;48;2;60;44;5m▅[38;2;1;0;4;48;2;1;0;1m▂[0m[38;2;1;0;2m▔   [0m
 [38;2;0;0;0m      [38;2;0;1;5m▁[38;2;0;0;1m▁[38;2;0;0;5;48;2;0;0;0m▏[38;2;67;67;68;48;2;7;7;7m▕[38;2;111;111;112;48;2;154;155;156m▏[38;2;46;45;43;48;2;140;141;142m▗[38;2;98;98;101;48;2;40;28;8m▘[38;2;122;122;122;48;2;41;29;7m▝[38;2;134;134;135;48;2;197;197;199m▖[38;2;205;205;207;48;2;209;209;211m▏[38;2;33;28;18;48;2;185;185;187m▝[38;2;55;55;57;48;2;67;45;6m▁[38;2;160;162;170;48;2;85;56;3m▁[38;2;58;59;61;48;2;79;52;2m▁[38;2;2;0;0;48;2;102;67;3m▃[38;2;52;47;37;48;2;30;19;5m▔[38;2;16;16;17;48;2;173;173;177m▖[38;2;195;194;198;48;2;188;188;191m▍[38;2;128;128;128;48;2;178;178;180m▕[38;2;137;137;138;48;2;23;19;7m▖[38;2;2;2;0;48;2;59;42;6m▆[38;2;0;0;2;48;2;1;0;1m▞[0m[38;2;0;0;2m▏[38;2;0;0;6m▔[7m[38;2;0;0;4m▆[0m  [7m[38;2;0;1;6m▅[0m [38;2;0;0;5m    [0m
 [38;2;0;0;0m     [38;2;1;1;5m▕[38;2;0;1;5;48;2;0;0;0m▔[38;2;152;152;152;48;2;9;9;9m▗[38;2;148;148;149;48;2;17;17;17m▆[38;2;43;41;39;48;2;141;141;141m▃[38;2;54;43;23;48;2;127;127;128m▆[38;2;33;25;11;48;2;76;53;3m▘[38;2;72;51;2;48;2;82;58;2m▔[38;2;65;47;5;48;2;83;60;2m▕[38;2;48;39;23;48;2;127;127;129m▊[38;2;184;184;187;48;2;209;209;211m▏[38;2;212;212;213;48;2;209;208;210m▅[38;2;193;193;195;48;2;212;212;214m▔[38;2;218;218;220;48;2;211;212;218m▅[38;2;186;187;190;48;2;48;48;49m▋[38;2;0;0;2;48;2;0;0;0m▏[38;2;0;0;3m▂[38;2;19;19;20;48;2;0;1;1m▕[38;2;7;7;7;48;2;165;165;166m▄[38;2;4;4;4;48;2;135;135;136m▅[38;2;0;0;5;48;2;8;8;8m▃[0m[7m[38;2;0;0;2m▖[0m [38;2;0;0;2m           [0m
 [38;2;0;0;0m   [38;2;0;1;4m▁[38;2;0;0;0m▁[48;2;0;0;3m▄[38;2;27;16;4;48;2;0;0;0m▁[38;2;41;27;3;48;2;115;115;115m▅[38;2;95;96;97;48;2;72;50;8m▔[38;2;41;29;3;48;2;75;52;3m▔[38;2;11;6;3;48;2;85;60;3m▁[38;2;13;8;2;48;2;90;62;2m▃[38;2;57;57;60;48;2;47;33;4m▗[38;2;117;118;120;48;2;43;33;12m▆[38;2;1;1;1;48;2;188;188;190m▁[38;2;2;2;2;48;2;202;202;204m▁[38;2;13;13;13;48;2;196;196;197m▂[38;2;24;24;24;48;2;208;208;208m▅[38;2;1;1;1;48;2;123;123;123m▆[0m[7m[38;2;0;0;0m▂[38;2;0;0;1m▖[0m[38;2;0;0;6m▘[0m [7m[38;2;0;1;4m▅[38;2;0;1;7m▆[0m [38;2;0;0;2m             [0m
 [38;2;0;0;0m   [38;2;0;0;1;48;2;0;1;7m▞[38;2;1;2;6;48;2;0;0;0m▁[38;2;8;4;3;48;2;1;1;1m▕[38;2;0;0;0;48;2;51;32;7m▆[38;2;0;0;1;48;2;52;33;5m▆[38;2;84;61;12;48;2;1;1;2m▔[38;2;6;5;3;48;2;0;0;1m▎[0m[7m[38;2;0;0;1m▖[0m[38;2;0;1;1;48;2;0;0;1m▕[0m[7m[38;2;0;0;1m▁▁▖[38;2;0;0;2m▁[38;2;0;0;1m▖[0m [7m[38;2;0;1;8m▆[0m[38;2;0;0;0m                    [0m
 [38;2;0;0;0m    [0m [38;2;0;0;1m [0m [38;2;0;2;3m                                [0m
 [38;2;0;0;0m                                       [0m
 [38;2;0;0;0m                                       [0m
[?25h